1,1,732.56,262.13,69.78000000000009,46.170000000000016,1,1,1.0
1,2,206.6,243.0,104.1,51.60000000000002,1,1,1.0
2,1,538.25,241.95,49.35000000000002,45.05000000000001,1,1,1.0
2,2,93.8,328.9,143.86,71.94,1,1,1.0
2,3,718.6,267.7,78.37,41.879999999999995,1,1,1.0
3,1,206.6,241.9,98.70000000000002,52.70000000000002,1,1,1.0
3,2,72.33,333.2,143.86,71.93,1,1,1.0
3,3,703.57,269.85,78.37,41.879999999999995,1,1,1.0
4,1,206.6,243.15,98.70000000000002,51.45000000000002,1,1,1.0
4,2,50.86,335.34,143.86,71.94,1,1,1.0
4,3,691.76,271.99,78.37,41.889999999999986,1,1,1.0
5,1,206.6,244.4,98.70000000000002,50.20000000000002,1,1,1.0
5,2,21.88,345.0,148.22,67.60000000000002,1,1,1.0
5,3,676.73,275.21,78.37,41.89000000000004,1,1,1.0
6,1,206.6,245.65,98.70000000000002,48.95000000000002,1,1,1.0
6,2,0.41,347.1,146.09,70.87,1,1,1.0
6,3,666.0,275.21,76.20000000000005,41.89000000000004,1,1,1.0
7,1,206.6,246.9,98.70000000000002,47.70000000000002,1,1,1.0
7,2,0.41,347.1,128.89000000000001,74.09999999999997,1,1,1.0
7,3,652.0,275.21,75.20000000000005,42.99000000000001,1,1,1.0
8,1,206.6,248.15,98.70000000000002,46.45000000000002,1,1,1.0
8,2,0.41,347.1,106.39,77.29999999999995,1,1,1.0
8,3,635.9,275.21,83.80000000000007,46.19,1,1,1.0
9,1,206.6,249.4,98.70000000000002,45.20000000000002,1,1,1.0
9,2,0.41,347.1,80.59,77.29999999999995,1,1,1.0
9,3,620.9,275.21,81.60000000000002,49.39000000000004,1,1,1.0
10,1,206.6,249.4,98.70000000000002,45.20000000000002,1,1,1.0
10,2,0.41,363.2,52.690000000000005,66.60000000000002,1,1,1.0
10,3,602.7,280.6,85.79999999999995,47.19999999999999,1,1,1.0
11,1,206.6,249.4,98.70000000000002,45.20000000000002,1,1,1.0
11,2,0.41,363.2,30.39,66.60000000000002,1,1,1.0
11,3,590.9,280.6,86.89999999999998,47.19999999999999,1,1,1.0
12,1,206.6,249.4,98.70000000000002,45.20000000000002,1,1,1.0
12,3,575.9,280.6,87.89999999999998,52.5,1,1,1.0
13,1,206.6,249.4,98.70000000000002,45.20000000000002,1,1,1.0
13,3,553.4,283.8,94.30000000000007,52.5,1,1,1.0
14,1,206.6,249.4,98.70000000000002,45.20000000000002,1,1,1.0
14,3,541.6,283.8,90.0,53.599999999999966,1,1,1.0
15,1,206.6,249.4,98.70000000000002,45.20000000000002,1,1,1.0
15,3,524.4,290.2,93.20000000000005,51.5,1,1,1.0
16,1,206.6,249.4,98.70000000000002,45.20000000000002,1,1,1.0
16,3,509.4,290.2,94.20000000000005,53.60000000000002,1,1,1.0
17,1,206.6,249.4,98.70000000000002,45.20000000000002,1,1,1.0
17,3,490.1,296.6,98.5,56.799999999999955,1,1,1.0
18,1,206.6,249.4,98.70000000000002,45.20000000000002,1,1,1.0
18,3,476.1,296.6,92.10000000000002,54.69999999999999,1,1,1.0
19,1,206.6,249.4,98.70000000000002,45.20000000000002,1,1,1.0
19,3,456.8,296.6,99.59999999999997,55.69999999999999,1,1,1.0
20,1,206.6,249.4,98.70000000000002,45.20000000000002,1,1,1.0
20,3,438.5,296.6,97.5,62.099999999999966,1,1,1.0
21,1,206.6,249.4,98.70000000000002,45.20000000000002,1,1,1.0
21,3,423.5,307.3,98.5,54.69999999999999,1,1,1.0
22,1,206.6,249.4,98.70000000000002,45.20000000000002,1,1,1.0
22,3,405.2,312.7,99.60000000000002,52.5,1,1,1.0
23,1,206.6,249.4,98.70000000000002,45.20000000000002,1,1,1.0
23,3,386.9,312.7,101.80000000000001,58.900000000000034,1,1,1.0
24,1,206.6,249.4,98.70000000000002,45.20000000000002,1,1,1.0
24,3,367.6,312.7,105.0,58.900000000000034,1,1,1.0
25,1,206.6,249.4,98.70000000000002,45.20000000000002,1,1,1.0
25,3,347.2,313.8,111.40000000000003,66.30000000000001,1,1,1.0
26,1,206.6,249.4,98.70000000000002,45.20000000000002,1,1,1.0
26,3,323.6,320.2,118.89999999999998,59.900000000000034,1,1,1.0
27,1,206.6,249.4,98.70000000000002,45.20000000000002,1,1,1.0
27,3,309.6,324.5,113.59999999999997,59.89999999999998,1,1,1.0
28,1,206.6,249.4,98.70000000000002,45.20000000000002,1,1,1.0
28,3,287.1,328.8,115.69999999999999,59.89999999999998,1,1,1.0
29,1,206.6,249.4,98.70000000000002,45.20000000000002,1,1,1.0
29,3,267.8,328.8,114.59999999999997,66.30000000000001,1,1,1.0
30,1,206.6,249.4,98.70000000000002,45.20000000000002,1,1,1.0
30,3,245.3,328.8,123.09999999999997,68.5,1,1,1.0
31,1,206.6,249.4,98.70000000000002,45.20000000000002,1,1,1.0
31,3,220.6,335.2,126.4,66.40000000000003,1,1,1.0
32,1,206.6,249.4,98.70000000000002,45.20000000000002,1,1,1.0
32,3,202.4,341.6,124.20000000000002,69.59999999999997,1,1,1.0
33,1,206.6,249.4,98.70000000000002,45.20000000000002,1,1,1.0
33,3,174.5,343.75,130.60000000000002,72.75,1,1,1.0
34,1,206.6,249.4,98.70000000000002,45.20000000000002,1,1,1.0
34,3,148.7,343.75,139.2,72.75,1,1,1.0
35,1,206.6,249.4,98.70000000000002,45.20000000000002,1,1,1.0
35,3,127.2,354.5,141.40000000000003,68.39999999999998,1,1,1.0
36,1,206.6,249.4,98.70000000000002,45.20000000000002,1,1,1.0
36,3,104.7,354.5,138.10000000000002,73.80000000000001,1,1,1.0
37,1,206.6,249.4,98.70000000000002,45.20000000000002,1,1,1.0
37,3,73.6,363.1,148.8,71.69999999999999,1,1,1.0
38,1,206.6,249.4,98.70000000000002,45.20000000000002,1,1,1.0
38,3,50.0,363.1,146.6,75.0,1,1,1.0
39,1,206.6,249.4,98.70000000000002,45.20000000000002,1,1,1.0
39,3,17.8,369.5,157.29999999999998,75.10000000000002,1,1,1.0
40,1,206.6,249.4,98.70000000000002,45.20000000000002,1,1,1.0
40,3,1.7,369.5,150.9,86.89999999999998,1,1,1.0
41,1,206.6,249.4,98.70000000000002,45.20000000000002,1,1,1.0
41,3,0.63,376.99,128.37,84.70999999999998,1,1,1.0
42,1,206.6,249.4,98.70000000000002,45.20000000000002,1,1,1.0
42,3,0.63,382.36,98.27000000000001,82.53999999999996,1,1,1.0
43,1,206.6,249.4,98.70000000000002,45.20000000000002,1,1,1.0
43,3,0.63,382.36,77.87,87.94,1,1,1.0
44,1,206.6,249.4,98.70000000000002,45.20000000000002,1,1,1.0
44,3,0.63,382.36,51.07,92.24000000000001,1,1,1.0
45,1,206.6,249.4,98.70000000000002,45.20000000000002,1,1,1.0
45,3,0.63,382.36,27.470000000000002,98.63999999999999,1,1,1.0
46,1,206.6,249.4,98.70000000000002,45.20000000000002,1,1,1.0
47,1,206.6,249.4,98.70000000000002,45.20000000000002,1,1,1.0
48,1,206.6,249.4,98.70000000000002,45.20000000000002,1,1,1.0
49,1,206.6,249.4,98.70000000000002,45.20000000000002,1,1,1.0
50,1,206.6,249.4,98.70000000000002,45.20000000000002,1,1,1.0
51,1,206.6,249.4,98.70000000000002,45.20000000000002,1,1,1.0
52,1,206.6,249.4,98.70000000000002,45.20000000000002,1,1,1.0
53,1,206.6,249.4,98.70000000000002,45.20000000000002,1,1,1.0
53,4,942.5,219.52,17.5,75.17999999999998,1,1,1.0
54,1,206.6,249.4,98.70000000000002,45.20000000000002,1,1,1.0
54,4,938.75,219.51,21.25,75.19,1,1,1.0
55,1,206.6,249.4,98.70000000000002,45.20000000000002,1,1,1.0
55,4,935.0,219.5,25.0,75.19999999999999,1,1,1.0
56,1,206.6,249.4,98.70000000000002,45.20000000000002,1,1,1.0
56,4,930.7,219.5,29.299999999999955,75.19999999999999,1,1,1.0
57,1,206.6,249.4,98.70000000000002,45.20000000000002,1,1,1.0
57,4,926.4,219.5,33.60000000000002,75.19999999999999,1,1,1.0
58,1,206.6,249.4,98.70000000000002,45.20000000000002,1,1,1.0
58,4,921.0,223.8,39.0,70.89999999999998,1,1,1.0
59,1,206.6,249.4,98.70000000000002,45.20000000000002,1,1,1.0
59,4,913.5,223.8,46.5,70.89999999999998,1,1,1.0
60,1,206.6,249.4,98.70000000000002,45.20000000000002,1,1,1.0
60,4,910.3,223.8,49.700000000000045,70.89999999999998,1,1,1.0
61,1,206.6,249.4,98.70000000000002,45.20000000000002,1,1,1.0
61,4,907.1,223.8,52.89999999999998,70.89999999999998,1,1,1.0
62,1,206.6,249.4,98.70000000000002,45.20000000000002,1,1,1.0
62,4,899.6,228.1,60.39999999999998,66.6,1,1,1.0
63,1,206.6,249.4,98.70000000000002,45.20000000000002,1,1,1.0
63,4,894.75,229.15,65.25,70.4,1,1,1.0
64,1,206.6,249.4,98.70000000000002,45.20000000000002,1,1,1.0
64,4,889.9,230.2,70.10000000000002,74.19999999999999,1,1,1.0
65,1,206.6,249.4,98.70000000000002,45.20000000000002,1,1,1.0
65,4,883.5,229.1,76.5,75.29999999999998,1,1,1.0
66,1,206.6,249.4,98.70000000000002,45.20000000000002,1,1,1.0
66,4,874.9,231.2,85.10000000000002,73.19999999999999,1,1,1.0
67,1,206.6,249.4,98.70000000000002,45.20000000000002,1,1,1.0
67,4,869.5,231.2,90.5,73.19999999999999,1,1,1.0
68,1,206.6,249.4,98.70000000000002,45.20000000000002,1,1,1.0
68,4,865.2,232.3,94.79999999999995,72.09999999999997,1,1,1.0
69,1,206.6,249.4,98.70000000000002,45.20000000000002,1,1,1.0
69,4,858.8,232.3,101.20000000000005,78.5,1,1,1.0
70,1,206.6,249.4,98.70000000000002,45.20000000000002,1,1,1.0
70,4,850.75,231.75,109.25,79.05000000000001,1,1,1.0
71,1,206.6,249.4,98.70000000000002,45.20000000000002,1,1,1.0
71,4,842.7,231.2,117.29999999999995,79.60000000000002,1,1,1.0
72,1,206.6,249.4,98.70000000000002,45.20000000000002,1,1,1.0
72,4,833.0,229.1,127.0,81.70000000000002,1,1,1.0
73,1,206.6,249.4,98.70000000000002,45.20000000000002,1,1,1.0
73,4,828.7,225.9,131.29999999999995,89.20000000000002,1,1,1.0
74,1,206.6,249.4,98.70000000000002,45.20000000000002,1,1,1.0
74,4,823.3,225.9,136.70000000000005,93.49999999999997,1,1,1.0
75,1,206.6,249.4,98.70000000000002,45.20000000000002,1,1,1.0
75,4,814.7,231.3,145.29999999999995,88.09999999999997,1,1,1.0
76,1,206.6,249.4,98.70000000000002,45.20000000000002,1,1,1.0
76,4,802.9,233.4,157.10000000000002,85.99999999999997,1,1,1.0
76,5,787.95,252.8,40.799999999999955,34.349999999999966,1,1,1.0
77,1,206.6,249.4,98.70000000000002,45.20000000000002,1,1,1.0
77,4,794.85,232.85,165.14999999999998,89.25000000000003,1,1,1.0
77,5,782.58,252.79,41.33999999999992,34.880000000000024,1,1,1.0
78,1,206.6,249.4,98.70000000000002,45.20000000000002,1,1,1.0
78,4,786.8,232.3,173.20000000000005,92.5,1,1,1.0
78,5,777.2,252.79,41.889999999999986,35.41,1,1,1.0
79,1,206.6,249.4,98.70000000000002,45.20000000000002,1,1,1.0
79,4,781.48,234.45,175.29999999999995,96.80000000000001,1,1,1.0
79,5,771.83,253.87,41.889999999999986,35.39999999999998,1,1,1.0
80,1,206.6,249.4,98.70000000000002,45.20000000000002,1,1,1.0
80,4,771.29,233.37,183.35000000000002,99.5,1,1,1.0
80,5,762.17,254.94,41.889999999999986,35.410000000000025,1,1,1.0
81,1,206.6,249.4,98.70000000000002,45.20000000000002,1,1,1.0
81,4,761.1,232.3,191.39999999999998,102.19999999999999,1,1,1.0
81,5,752.51,256.02,41.879999999999995,35.400000000000034,1,1,1.0
82,1,206.6,249.4,98.70000000000002,45.20000000000002,1,1,1.0
82,4,756.81,234.45,185.99,96.75,1,1,1.0
82,5,739.63,260.31,41.879999999999995,35.410000000000025,1,1,1.0
83,1,206.6,249.4,98.70000000000002,45.20000000000002,1,1,1.0
83,4,748.2,234.45,186.0,100.05000000000001,1,1,1.0
83,5,731.04,262.46,41.879999999999995,35.400000000000034,1,1,1.0
84,1,206.6,249.4,98.70000000000002,45.20000000000002,1,1,1.0
84,4,739.6,234.45,189.19999999999993,102.25,1,1,1.0
84,5,722.45,260.31,41.889999999999986,35.39999999999998,1,1,1.0
85,1,206.6,249.4,98.70000000000002,45.20000000000002,1,1,1.0
85,4,725.61,235.52,201.09000000000003,103.28,1,1,1.0
85,5,709.57,261.38,41.879999999999995,35.410000000000025,1,1,1.0
86,1,206.6,249.4,98.70000000000002,45.20000000000002,1,1,1.0
86,4,717.0,235.52,202.20000000000005,108.58000000000001,1,1,1.0
86,5,700.98,262.46,41.879999999999995,35.400000000000034,1,1,1.0
87,1,206.6,249.4,98.70000000000002,45.20000000000002,1,1,1.0
87,4,714.9,244.1,193.60000000000002,97.79999999999998,1,1,1.0
87,5,688.1,265.68,41.879999999999995,35.39999999999998,1,1,1.0
88,1,206.6,249.4,98.70000000000002,45.20000000000002,1,1,1.0
88,4,711.7,243.0,195.79999999999995,106.39999999999998,1,1,1.0
88,5,680.58,264.6,41.889999999999986,35.40999999999997,1,1,1.0
89,1,206.6,249.4,98.70000000000002,45.20000000000002,1,1,1.0
89,4,692.4,245.2,202.20000000000005,102.10000000000002,1,1,1.0
89,5,667.7,264.6,41.879999999999995,35.40999999999997,1,1,1.0
90,1,206.6,249.4,98.70000000000002,45.20000000000002,1,1,1.0
90,4,684.9,245.2,205.39999999999998,99.90000000000003,1,1,1.0
90,5,662.33,264.6,36.5,35.40999999999997,1,1,1.0
91,1,206.6,249.4,98.70000000000002,45.20000000000002,1,1,1.0
91,4,672.0,245.2,211.89999999999998,106.40000000000003,1,1,1.0
91,5,646.23,264.6,43.97000000000003,35.39999999999998,1,1,1.0
92,1,206.6,249.4,98.70000000000002,45.20000000000002,1,1,1.0
92,4,664.5,246.3,213.0,103.19999999999999,1,1,1.0
92,5,632.27,263.53,43.97000000000003,35.400000000000034,1,1,1.0
93,1,206.6,249.4,98.70000000000002,45.20000000000002,1,1,1.0
93,4,653.8,246.3,216.20000000000005,115.0,1,1,1.0
93,5,619.39,264.6,43.97000000000003,35.39999999999998,1,1,1.0
94,1,206.6,249.4,98.70000000000002,45.20000000000002,1,1,1.0
94,4,642.0,246.3,219.39999999999998,111.69999999999999,1,1,1.0
94,5,607.58,265.7,53.620000000000005,35.370000000000005,1,1,1.0
95,1,206.6,249.4,98.70000000000002,45.20000000000002,1,1,1.0
95,4,631.3,246.3,222.60000000000002,116.0,1,1,1.0
95,5,598.99,265.7,53.620000000000005,35.370000000000005,1,1,1.0
96,1,206.6,249.4,98.70000000000002,45.20000000000002,1,1,1.0
96,4,621.6,246.3,226.89999999999998,116.0,1,1,1.0
96,5,585.04,265.7,53.620000000000005,35.370000000000005,1,1,1.0
97,1,206.6,249.4,98.70000000000002,45.20000000000002,1,1,1.0
97,4,609.79,250.59,226.9000000000001,115.99999999999997,1,1,1.0
97,5,571.08,266.77,53.620000000000005,35.379999999999995,1,1,1.0
98,1,206.6,249.4,98.70000000000002,45.20000000000002,1,1,1.0
98,4,602.28,253.82,226.89999999999998,116.0,1,1,1.0
98,5,560.35,268.92,53.620000000000005,35.370000000000005,1,1,1.0
99,1,206.6,249.4,98.70000000000002,45.20000000000002,1,1,1.0
99,4,590.47,252.74,226.89999999999998,116.0,1,1,1.0
99,5,547.5,266.8,66.47000000000003,37.49000000000001,1,1,1.0
100,1,206.6,249.4,98.70000000000002,45.20000000000002,1,1,1.0
100,4,582.95,257.04,226.89999999999998,116.0,1,1,1.0
100,5,541.06,266.8,66.46000000000004,37.49000000000001,1,1,1.0
101,1,206.6,249.4,98.70000000000002,45.20000000000002,1,1,1.0
101,4,558.26,251.62,247.32000000000005,123.56,1,1,1.0
101,5,517.44,267.87,66.46999999999991,37.5,1,1,1.0
102,1,206.6,249.4,98.70000000000002,45.20000000000002,1,1,1.0
102,4,547.53,253.77,247.31000000000006,123.55999999999997,1,1,1.0
102,5,502.41,266.8,66.46999999999997,37.49000000000001,1,1,1.0
103,1,206.6,249.4,98.70000000000002,45.20000000000002,1,1,1.0
103,4,534.64,258.06,247.32000000000005,123.56,1,1,1.0
103,5,490.6,266.8,66.47000000000003,37.49000000000001,1,1,1.0
104,1,206.6,249.4,98.70000000000002,45.20000000000002,1,1,1.0
104,4,522.83,258.06,247.31999999999994,123.56,1,1,1.0
104,5,480.94,268.95,66.46999999999997,37.49000000000001,1,1,1.0
105,1,206.6,249.4,98.70000000000002,45.20000000000002,1,1,1.0
105,4,507.8,253.77,249.46999999999997,139.62999999999997,1,1,1.0
105,5,465.91,268.95,66.46999999999997,37.49000000000001,1,1,1.0
106,1,206.6,249.4,98.70000000000002,45.20000000000002,1,1,1.0
106,4,495.99,255.91,249.47000000000003,139.64000000000001,1,1,1.0
106,5,446.59,268.95,66.45999999999998,37.49000000000001,1,1,1.0
107,1,206.6,249.4,98.70000000000002,45.20000000000002,1,1,1.0
107,4,475.59,261.28,275.21,135.32000000000005,1,1,1.0
107,5,435.85,272.17,66.46999999999997,37.49000000000001,1,1,1.0
107,6,937.2,210.93,21.43999999999994,63.370000000000005,1,1,1.0
108,1,206.6,249.4,98.70000000000002,45.20000000000002,1,1,1.0
108,4,455.2,264.5,275.2,135.32,1,1,1.0
108,5,421.89,272.71,66.47000000000003,37.49000000000001,1,1,1.0
108,6,934.7,210.93,23.93999999999994,63.74000000000001,1,1,1.0
109,1,206.6,249.4,98.70000000000002,45.20000000000002,1,1,1.0
109,4,443.39,269.87,282.71000000000004,132.64,1,1,1.0
109,5,407.94,273.24,66.45999999999998,37.5,1,1,1.0
109,6,932.2,210.93,26.43999999999994,64.09999999999997,1,1,1.0
110,1,206.6,249.4,98.70000000000002,45.20000000000002,1,1,1.0
110,4,431.58,275.24,290.21999999999997,129.95999999999998,1,1,1.0
110,5,391.82,272.17,69.69999999999999,39.65999999999997,1,1,1.0
110,6,929.7,210.93,28.93999999999994,64.46999999999997,1,1,1.0
111,1,206.6,249.4,98.70000000000002,45.20000000000002,1,1,1.0
111,4,395.8,274.16,308.82,156.83999999999997,1,1,1.0
111,5,377.86,268.95,69.70999999999998,39.660000000000025,1,1,1.0
111,6,924.85,210.93,33.789999999999964,65.51999999999998,1,1,1.0
111,7,616.19,251.72,88.02999999999997,36.50000000000003,1,1,1.0
112,1,206.6,249.4,98.70000000000002,45.20000000000002,1,1,1.0
112,4,403.67,284.9,290.21999999999997,129.96000000000004,1,1,1.0
112,5,366.1,270.0,98.59999999999997,45.0,1,1,1.0
112,6,920.0,210.93,38.639999999999986,66.57,1,1,1.0
112,7,603.3,251.72,88.03000000000009,36.50000000000003,1,1,1.0
113,1,206.6,249.4,98.70000000000002,45.20000000000002,1,1,1.0
113,4,381.12,289.19,317.08000000000004,138.51,1,1,1.0
113,5,350.0,270.0,98.60000000000002,45.0,1,1,1.0
113,6,916.24,210.93,42.92999999999995,67.62,1,1,1.0
113,7,586.13,251.72,88.02999999999997,36.50000000000003,1,1,1.0
114,1,206.6,249.4,98.70000000000002,45.20000000000002,1,1,1.0
114,4,361.8,294.56,317.08,138.51,1,1,1.0
114,5,332.82,268.93,98.60000000000002,45.0,1,1,1.0
114,6,912.49,210.93,47.210000000000036,68.67000000000002,1,1,1.0
114,7,574.32,251.72,88.02999999999997,36.50000000000003,1,1,1.0
115,1,206.6,249.4,98.70000000000002,45.20000000000002,1,1,1.0
115,4,343.55,291.34,317.08,138.51000000000005,1,1,1.0
115,5,318.86,272.15,98.59999999999997,45.0,1,1,1.0
115,6,909.26,210.93,50.440000000000055,68.67000000000002,1,1,1.0
115,7,563.04,251.72,88.03000000000009,36.50000000000003,1,1,1.0
116,1,206.6,249.4,98.70000000000002,45.20000000000002,1,1,1.0
116,4,322.08,301.0,317.08,138.51,1,1,1.0
116,5,302.76,273.22,98.60000000000002,45.0,1,1,1.0
116,6,906.03,210.93,53.67000000000007,68.67000000000002,1,1,1.0
116,7,551.77,251.72,88.02999999999997,36.50000000000003,1,1,1.0
117,1,206.6,249.4,98.70000000000002,45.20000000000002,1,1,1.0
117,4,307.05,295.63,335.34999999999997,132.07,1,1,1.0
117,5,289.88,273.22,98.60000000000002,45.0,1,1,1.0
117,6,902.8,210.93,56.90000000000009,68.67000000000002,1,1,1.0
117,7,538.89,252.79,88.02999999999997,36.51000000000002,1,1,1.0
118,1,206.6,249.4,98.70000000000002,45.20000000000002,1,1,1.0
118,4,278.06,290.3,355.73999999999995,163.15999999999997,1,1,1.0
118,5,275.38,273.22,98.60000000000002,45.0,1,1,1.0
118,6,888.84,210.93,56.89999999999998,68.67000000000002,1,1,1.0
118,7,522.25,254.94,88.02999999999997,36.5,1,1,1.0
119,1,206.6,249.4,98.70000000000002,45.20000000000002,1,1,1.0
119,4,259.81,290.3,355.73999999999995,163.15999999999997,1,1,1.0
119,5,260.89,273.22,98.60000000000002,45.0,1,1,1.0
119,6,888.84,210.93,70.86000000000001,67.57,1,1,1.0
119,7,505.61,257.09,88.02999999999997,36.5,1,1,1.0
120,1,206.6,249.4,98.70000000000002,45.20000000000002,1,1,1.0
120,4,245.86,296.74,355.73,163.17000000000002,1,1,1.0
120,5,242.64,276.44,98.60000000000002,45.0,1,1,1.0
120,6,882.4,209.85,70.86000000000001,67.58000000000001,1,1,1.0
120,7,486.29,258.16,88.03000000000003,36.5,1,1,1.0
121,1,206.6,249.4,98.70000000000002,45.20000000000002,1,1,1.0
121,4,207.2,303.18,395.50000000000006,168.51999999999998,1,1,1.0
121,5,227.61,278.59,98.59999999999997,45.0,1,1,1.0
121,6,877.0,209.85,76.25999999999999,67.54999999999998,1,1,1.0
121,7,473.94,258.7,88.03000000000003,36.5,1,1,1.0
122,1,206.6,249.4,98.70000000000002,45.20000000000002,1,1,1.0
122,4,191.63,303.72,395.5,168.51999999999998,1,1,1.0
122,5,211.51,280.74,98.60000000000002,45.0,1,1,1.0
122,6,869.49,209.85,76.25,67.54999999999998,1,1,1.0
122,7,461.6,259.24,88.02999999999997,36.5,1,1,1.0
123,1,206.6,249.4,98.70000000000002,45.20000000000002,1,1,1.0
123,4,176.07,304.26,395.50000000000006,168.51,1,1,1.0
123,5,197.02,281.27,98.6,45.0,1,1,1.0
123,6,865.19,209.85,76.25999999999999,67.54999999999998,1,1,1.0
123,7,446.57,261.39,104.13000000000005,38.639999999999986,1,1,1.0
124,1,206.6,249.4,98.70000000000002,45.20000000000002,1,1,1.0
124,4,159.96,307.48,395.5,168.51,1,1,1.0
124,5,182.52,281.81,98.6,45.0,1,1,1.0
124,6,863.04,209.85,76.25999999999999,67.54999999999998,1,1,1.0
124,7,429.4,262.47,104.12,38.629999999999995,1,1,1.0
125,1,206.6,249.4,98.70000000000002,45.20000000000002,1,1,1.0
125,4,127.76,308.55,395.5,168.51999999999998,1,1,1.0
125,5,161.05,283.96,98.59999999999997,45.0,1,1,1.0
125,6,856.6,209.85,76.25999999999999,67.54999999999998,1,1,1.0
125,7,413.29,262.47,104.12999999999994,38.629999999999995,1,1,1.0
126,1,206.6,249.4,98.70000000000002,45.20000000000002,1,1,1.0
126,4,89.1,298.9,438.5,209.3,1,1,1.0
126,5,144.95,283.96,98.60000000000002,45.0,1,1,1.0
126,6,845.87,210.93,76.25999999999999,67.54000000000002,1,1,1.0
126,7,402.56,266.76,104.12,38.639999999999986,1,1,1.0
127,1,206.6,249.4,98.70000000000002,45.20000000000002,1,1,1.0
127,4,65.48,303.19,438.5,209.3,1,1,1.0
127,5,123.48,288.25,98.60000000000001,45.0,1,1,1.0
127,6,840.5,210.93,76.25999999999999,67.54000000000002,1,1,1.0
127,7,389.68,269.98,104.12,38.639999999999986,1,1,1.0
128,1,206.6,249.4,98.70000000000002,45.20000000000002,1,1,1.0
128,4,45.09,304.27,438.5,209.30000000000007,1,1,1.0
128,5,111.67,287.18,98.60000000000001,45.0,1,1,1.0
128,6,835.13,210.93,76.25999999999999,67.54000000000002,1,1,1.0
128,7,372.5,272.13,104.13,38.629999999999995,1,1,1.0
129,1,206.6,249.4,98.70000000000002,45.20000000000002,1,1,1.0
129,4,21.47,310.71,438.5,209.3,1,1,1.0
129,5,89.12,291.5,109.38,44.97000000000003,1,1,1.0
129,6,829.76,213.07,76.25999999999999,67.55000000000001,1,1,1.0
129,7,353.2,265.7,115.90000000000003,45.06,1,1,1.0
130,1,206.6,249.4,98.70000000000002,45.20000000000002,1,1,1.0
130,4,15.03,305.88,438.5,209.29999999999995,1,1,1.0
130,5,68.73,293.65,109.36999999999999,44.97000000000003,1,1,1.0
130,6,824.4,215.22,76.25999999999999,67.54999999999998,1,1,1.0
130,7,332.8,266.77,115.89999999999998,45.06999999999999,1,1,1.0
131,1,206.6,249.4,98.70000000000002,45.20000000000002,1,1,1.0
131,4,8.58,301.05,438.5,209.3,1,1,1.0
131,5,51.55,297.94,109.38000000000001,44.97000000000003,1,1,1.0
131,6,818.49,215.76,76.25999999999999,67.54000000000002,1,1,1.0
131,7,323.14,271.07,115.90000000000003,45.06,1,1,1.0
132,1,206.6,249.4,98.70000000000002,45.20000000000002,1,1,1.0
132,4,8.58,301.0,431.02000000000004,209.35000000000002,1,1,1.0
132,5,26.86,299.01,109.38000000000001,44.98000000000002,1,1,1.0
132,6,812.59,216.29,76.25999999999999,67.54999999999998,1,1,1.0
132,7,308.11,271.07,115.89999999999998,45.06,1,1,1.0
133,1,206.6,249.4,98.70000000000002,45.20000000000002,1,1,1.0
133,4,1.07,331.06,431.02,208.94,1,1,1.0
133,5,15.05,299.55,109.38000000000001,44.96999999999997,1,1,1.0
133,6,804.0,216.29,84.79999999999995,71.91,1,1,1.0
133,7,296.3,273.22,115.89999999999998,46.129999999999995,1,1,1.0
134,1,206.6,249.4,98.70000000000002,45.20000000000002,1,1,1.0
134,4,0.0,327.84,415.98,208.94,1,1,1.0
134,5,3.24,300.09,109.38000000000001,44.97000000000003,1,1,1.0
134,6,796.49,215.22,84.79999999999995,71.91,1,1,1.0
134,7,278.05,274.29,115.89999999999998,46.139999999999986,1,1,1.0
135,1,206.6,249.4,98.70000000000002,45.20000000000002,1,1,1.0
135,4,0.0,327.49,394.85,209.28999999999996,1,1,1.0
135,5,3.24,302.22,93.64,44.26999999999998,1,1,1.0
135,6,791.12,215.22,84.79999999999995,71.91,1,1,1.0
135,7,259.8,276.44,115.89999999999998,46.129999999999995,1,1,1.0
135,8,683.82,513.7,105.19999999999993,26.299999999999955,1,1,1.0
136,1,206.6,249.4,98.70000000000002,45.20000000000002,1,1,1.0
136,4,0.0,327.15,373.73,209.63,1,1,1.0
136,5,3.24,304.36,77.9,43.56,1,1,1.0
136,6,783.6,218.44,84.79999999999995,71.91000000000003,1,1,1.0
136,7,247.99,276.44,115.89999999999998,46.129999999999995,1,1,1.0
136,8,683.82,511.55,123.43999999999994,28.44999999999999,1,1,1.0
137,1,206.6,249.4,98.70000000000002,45.20000000000002,1,1,1.0
137,4,0.0,326.8,352.6,209.97999999999996,1,1,1.0
137,5,3.24,306.5,62.160000000000004,42.85000000000002,1,1,1.0
137,6,776.63,218.44,84.79999999999995,71.91000000000003,1,1,1.0
137,7,230.82,278.23,115.90000000000003,46.129999999999995,1,1,1.0
137,8,683.82,509.4,141.67999999999995,30.600000000000023,1,1,1.0
138,1,206.6,249.4,98.70000000000002,45.20000000000002,1,1,1.0
138,4,1.07,333.2,330.03000000000003,187.50000000000006,1,1,1.0
138,5,3.24,306.5,48.16,42.85000000000002,1,1,1.0
138,6,769.65,218.44,84.80000000000007,71.91000000000003,1,1,1.0
138,7,213.64,280.02,115.90000000000003,46.129999999999995,1,1,1.0
138,8,683.82,499.7,154.57999999999993,40.30000000000001,1,1,1.0
139,1,206.6,249.4,98.70000000000002,45.20000000000002,1,1,1.0
139,4,1.07,345.0,315.03000000000003,175.70000000000005,1,1,1.0
139,5,3.24,306.5,48.16,42.85000000000002,1,1,1.0
139,6,765.35,219.15,84.79999999999995,71.91,1,1,1.0
139,7,196.46,281.81,115.9,46.129999999999995,1,1,1.0
139,8,683.82,499.7,167.4799999999999,40.30000000000001,1,1,1.0
140,1,206.6,249.4,98.70000000000002,45.20000000000002,1,1,1.0
140,4,1.07,345.0,291.43,175.70000000000005,1,1,1.0
140,6,761.06,219.87,84.80000000000007,71.90999999999997,1,1,1.0
140,7,173.92,285.03,115.9,46.13000000000005,1,1,1.0
140,8,696.7,493.25,167.4799999999999,42.460000000000036,1,1,1.0
141,1,206.6,249.4,98.70000000000002,45.20000000000002,1,1,1.0
141,4,1.07,345.0,273.13,175.70000000000005,1,1,1.0
141,6,756.76,220.59,84.79999999999995,71.9,1,1,1.0
141,7,157.82,285.03,115.90000000000003,46.13000000000005,1,1,1.0
141,8,709.58,486.8,167.4799999999999,44.60999999999996,1,1,1.0
142,1,206.6,249.4,98.70000000000002,45.20000000000002,1,1,1.0
142,4,1.07,355.7,245.23000000000002,165.00000000000006,1,1,1.0
142,6,746.57,220.85,88.54999999999995,71.37000000000003,1,1,1.0
142,7,147.08,288.25,115.9,46.129999999999995,1,1,1.0
142,8,710.7,486.8,166.3599999999999,53.19999999999999,1,1,1.0
143,1,206.6,249.4,98.70000000000002,45.20000000000002,1,1,1.0
143,4,1.07,362.1,223.73000000000002,158.60000000000002,1,1,1.0
143,6,736.37,221.12,92.30999999999995,70.82999999999998,1,1,1.0
143,7,126.68,288.25,115.9,46.129999999999995,1,1,1.0
143,8,724.66,482.51,166.36,53.200000000000045,1,1,1.0
144,1,206.6,249.4,98.70000000000002,45.20000000000002,1,1,1.0
144,4,1.07,361.0,201.23000000000002,175.79999999999995,1,1,1.0
144,6,726.17,221.39,96.07000000000005,70.28000000000003,1,1,1.0
144,7,108.43,288.25,115.9,46.129999999999995,1,1,1.0
144,8,737.54,479.29,166.36,53.19999999999999,1,1,1.0
145,1,206.6,249.4,98.70000000000002,45.20000000000002,1,1,1.0
145,4,1.07,363.1,179.73000000000002,173.69999999999993,1,1,1.0
145,6,715.97,221.66,99.82999999999993,69.73999999999998,1,1,1.0
145,7,90.18,286.1,130.92,49.39999999999998,1,1,1.0
145,8,759.6,470.69,145.39999999999998,68.81,1,1,1.0
146,1,206.6,249.4,98.70000000000002,45.20000000000002,1,1,1.0
146,4,1.07,378.1,158.23000000000002,158.69999999999993,1,1,1.0
146,6,710.6,220.6,94.5,72.97,1,1,1.0
146,7,71.93,286.1,125.57,46.099999999999966,1,1,1.0
146,8,781.6,462.1,124.5,69.29999999999995,1,1,1.0
147,1,206.6,249.4,98.70000000000002,45.20000000000002,1,1,1.0
147,4,1.07,374.9,127.13,161.89999999999998,1,1,1.0
147,6,700.94,223.82,94.5,72.97000000000003,1,1,1.0
147,7,55.83,288.25,125.57000000000001,46.10000000000002,1,1,1.0
147,8,785.89,459.95,124.5,69.30000000000001,1,1,1.0
148,1,206.6,249.4,98.70000000000002,45.20000000000002,1,1,1.0
148,4,1.07,377.0,99.23,159.79999999999995,1,1,1.0
148,6,689.13,222.75,94.5,72.95999999999998,1,1,1.0
148,7,40.8,289.3,130.89999999999998,56.80000000000001,1,1,1.0
148,8,790.73,454.59,130.94999999999993,74.13000000000005,1,1,1.0
149,1,206.6,249.4,98.70000000000002,45.20000000000002,1,1,1.0
149,4,1.07,389.9,72.43,146.89999999999998,1,1,1.0
149,6,682.69,222.75,101.90999999999997,74.85000000000002,1,1,1.0
149,7,13.9,289.3,137.4,57.69999999999999,1,1,1.0
149,8,795.56,449.23,137.4000000000001,78.94999999999993,1,1,1.0
150,1,206.6,249.4,98.70000000000002,45.20000000000002,1,1,1.0
150,4,1.07,389.9,54.13,146.89999999999998,1,1,1.0
150,6,677.32,222.75,94.5,72.95999999999998,1,1,1.0
150,7,9.67,290.37,130.9,56.80000000000001,1,1,1.0
150,8,800.92,447.08,137.41000000000008,78.94999999999999,1,1,1.0
151,1,206.6,249.4,98.70000000000002,45.20000000000002,1,1,1.0
151,6,670.88,222.75,94.5,72.95999999999998,1,1,1.0
151,7,2.15,290.37,116.94999999999999,53.629999999999995,1,1,1.0
151,8,806.83,440.64,137.39999999999998,78.95000000000005,1,1,1.0
152,1,206.6,249.4,98.70000000000002,45.20000000000002,1,1,1.0
152,6,661.58,222.75,94.49000000000001,72.95999999999998,1,1,1.0
152,7,2.15,290.37,101.89999999999999,56.829999999999984,1,1,1.0
152,8,812.73,434.2,137.40999999999997,78.94999999999999,1,1,1.0
153,1,206.6,249.4,98.70000000000002,45.20000000000002,1,1,1.0
153,6,652.27,222.75,94.5,72.95999999999998,1,1,1.0
153,7,2.15,290.37,86.85,60.02999999999997,1,1,1.0
153,8,825.07,431.24,127.52999999999997,77.07,1,1,1.0
154,1,206.6,249.4,98.70000000000002,45.20000000000002,1,1,1.0
154,6,642.97,222.75,94.5,72.95999999999998,1,1,1.0
154,7,2.15,290.37,68.55,60.02999999999997,1,1,1.0
154,8,837.42,428.29,117.65000000000009,75.18,1,1,1.0
155,1,206.6,249.4,98.70000000000002,45.20000000000002,1,1,1.0
155,6,632.77,225.43,94.5,72.96999999999997,1,1,1.0
155,7,2.15,290.37,50.35,61.129999999999995,1,1,1.0
155,8,849.76,425.34,107.76999999999998,73.30000000000001,1,1,1.0
156,1,206.6,249.4,98.70000000000002,45.20000000000002,1,1,1.0
156,6,622.57,228.12,94.5,72.95999999999998,1,1,1.0
156,7,2.15,296.8,31.050000000000004,54.69999999999999,1,1,1.0
156,8,862.1,422.39,97.89999999999998,71.41000000000003,1,1,1.0
157,1,206.6,249.4,98.70000000000002,45.20000000000002,1,1,1.0
157,6,605.39,228.12,114.90999999999997,74.07999999999998,1,1,1.0
157,7,2.15,296.8,31.050000000000004,54.69999999999999,1,1,1.0
157,8,866.39,418.81,93.61000000000001,71.41000000000003,1,1,1.0
158,1,206.6,249.4,98.70000000000002,45.20000000000002,1,1,1.0
158,6,595.73,228.12,114.90999999999997,74.07999999999998,1,1,1.0
158,8,870.69,415.23,89.30999999999995,71.40999999999997,1,1,1.0
159,1,206.6,249.4,98.70000000000002,45.20000000000002,1,1,1.0
159,6,586.07,228.12,114.90999999999997,74.07999999999998,1,1,1.0
159,8,874.98,411.65,85.01999999999998,71.41000000000003,1,1,1.0
160,1,206.6,249.4,98.70000000000002,45.20000000000002,1,1,1.0
160,6,576.41,228.12,114.89999999999998,74.07999999999998,1,1,1.0
160,8,885.99,406.62,74.00999999999999,73.25999999999999,1,1,1.0
161,1,206.6,249.4,98.70000000000002,45.20000000000002,1,1,1.0
161,6,561.0,228.12,119.58000000000004,74.98000000000002,1,1,1.0
161,8,897.0,401.58,63.0,75.12,1,1,1.0
162,1,206.6,249.4,98.70000000000002,45.20000000000002,1,1,1.0
162,6,557.08,229.19,114.90999999999997,74.07999999999998,1,1,1.0
162,8,876.06,406.28,83.94000000000005,71.42000000000002,1,1,1.0
163,1,206.6,249.4,98.70000000000002,45.20000000000002,1,1,1.0
163,6,547.42,231.34,114.91000000000008,74.08000000000001,1,1,1.0
163,8,905.0,396.62,55.0,70.38,1,1,1.0
164,1,206.6,249.4,98.70000000000002,45.20000000000002,1,1,1.0
164,6,539.91,229.19,114.91000000000008,74.07999999999998,1,1,1.0
164,8,913.05,392.33,46.950000000000045,70.37,1,1,1.0
165,1,206.6,249.4,98.70000000000002,45.20000000000002,1,1,1.0
165,6,523.81,230.27,114.90000000000009,74.08000000000001,1,1,1.0
165,8,921.1,388.04,38.89999999999998,70.35999999999996,1,1,1.0
166,1,206.6,249.4,98.70000000000002,45.20000000000002,1,1,1.0
166,6,511.46,231.34,114.91000000000003,74.08000000000001,1,1,1.0
166,8,923.25,386.96,36.75,70.37,1,1,1.0
167,1,206.6,249.4,98.70000000000002,45.20000000000002,1,1,1.0
167,6,499.12,232.41,114.89999999999998,74.08000000000001,1,1,1.0
167,8,925.39,385.89,34.610000000000014,70.36000000000001,1,1,1.0
168,1,206.6,249.4,98.70000000000002,45.20000000000002,1,1,1.0
168,6,484.08,233.49,127.82,73.00999999999999,1,1,1.0
168,8,930.76,375.15,29.24000000000001,70.37,1,1,1.0
169,1,206.6,249.4,98.70000000000002,45.20000000000002,1,1,1.0
169,6,478.72,233.49,127.80999999999995,73.00999999999999,1,1,1.0
169,8,931.23,375.15,28.769999999999982,70.37,1,1,1.0
170,1,206.6,249.4,98.70000000000002,45.20000000000002,1,1,1.0
170,6,463.69,235.63,127.81,73.01999999999998,1,1,1.0
171,1,206.6,249.4,98.70000000000002,45.20000000000002,1,1,1.0
171,6,455.1,238.85,127.80999999999995,73.02000000000001,1,1,1.0
172,1,206.6,249.4,98.70000000000002,45.20000000000002,1,1,1.0
172,6,441.14,238.85,127.82000000000005,73.02000000000001,1,1,1.0
173,1,206.6,249.4,98.70000000000002,45.20000000000002,1,1,1.0
173,6,431.48,234.56,127.81999999999994,73.00999999999999,1,1,1.0
174,1,206.6,249.4,98.70000000000002,45.20000000000002,1,1,1.0
174,6,419.67,236.71,127.82,73.01000000000002,1,1,1.0
175,1,206.6,249.4,98.70000000000002,45.20000000000002,1,1,1.0
175,6,411.08,237.8,133.21999999999997,74.07,1,1,1.0
176,1,206.6,249.4,98.70000000000002,45.20000000000002,1,1,1.0
176,6,393.91,236.73,133.20999999999998,74.06000000000003,1,1,1.0
177,1,206.6,249.4,98.70000000000002,45.20000000000002,1,1,1.0
177,6,378.88,241.02,133.21000000000004,74.06999999999996,1,1,1.0
178,1,206.6,249.4,98.70000000000002,45.20000000000002,1,1,1.0
178,6,368.14,239.95,133.22000000000003,74.07,1,1,1.0
179,1,206.6,249.4,98.70000000000002,45.20000000000002,1,1,1.0
179,6,356.33,241.02,133.22000000000003,74.06999999999996,1,1,1.0
180,1,206.6,249.4,98.70000000000002,45.20000000000002,1,1,1.0
180,6,348.82,242.09,133.22000000000003,74.07000000000002,1,1,1.0
181,1,206.6,249.4,98.70000000000002,45.20000000000002,1,1,1.0
181,6,334.86,239.95,133.21999999999997,74.06,1,1,1.0
182,1,206.6,249.4,98.70000000000002,45.20000000000002,1,1,1.0
182,6,325.2,241.02,133.22000000000003,74.06999999999996,1,1,1.0
183,1,206.6,249.4,98.70000000000002,45.20000000000002,1,1,1.0
183,6,314.46,241.02,133.22000000000003,74.06999999999996,1,1,1.0
184,1,206.6,249.4,98.70000000000002,45.20000000000002,1,1,1.0
184,6,304.8,241.02,133.21999999999997,74.06999999999996,1,1,1.0
185,1,206.6,249.4,98.70000000000002,45.20000000000002,1,1,1.0
185,6,297.29,243.17,133.21999999999997,74.07000000000002,1,1,1.0
186,1,206.6,249.4,98.70000000000002,45.20000000000002,1,1,1.0
186,6,285.48,241.02,133.21999999999997,74.06999999999996,1,1,1.0
187,1,206.6,249.4,98.70000000000002,45.20000000000002,1,1,1.0
187,6,271.52,241.0,140.78000000000003,76.24000000000001,1,1,1.0
188,1,206.6,249.4,98.70000000000002,45.20000000000002,1,1,1.0
188,6,260.79,244.22,140.76999999999998,76.23999999999998,1,1,1.0
189,1,206.6,249.4,98.70000000000002,45.20000000000002,1,1,1.0
189,6,248.98,245.29,140.78,76.23999999999998,1,1,1.0
190,1,206.6,249.4,98.70000000000002,45.20000000000002,1,1,1.0
190,6,231.8,243.15,140.77999999999997,76.22999999999999,1,1,1.0
